

            XAccel                  YAccel                          ZAccel                  XGyro                   YGyro                   ZGyro
[-4257,-4254] --> [-34,3]  [-1985,-1984] --> [-14,3]       [1441,1442] --> [16372,16387]   [71,72] --> [-1,2]      [-52,-51] --> [-1,2]    [27,28] --> [0,4]
[-4255,-4254] --> [-15,3]  [-1985,-1984] --> [-15,3]       [1441,1442] --> [16373,16387]   [71,72] --> [-1,2]      [-52,-51] --> [-1,2]    [27,28] --> [0,4]
[-4255,-4254] --> [-15,3]  [-1985,-1984] --> [-16,3]       [1441,1442] --> [16373,16387]   [71,72] --> [-1,2]      [-52,-51] --> [-1,2]    [27,28] --> [0,4]

mpu.setXAccelOffset(-4254);
mpu.setYAccelOffset(-1984);
mpu.setZAccelOffset(1442);
mpu.setXGyroOffset(72);
mpu.setYGyroOffset(-51);
mpu.setZGyroOffset(28);


....................    XAccel                  YAccel                          ZAccel                  XGyro                   YGyro                   ZGyro
[-4286,-4283] --> [-9,10]       [-1939,-1938] --> [-11,5]       [1465,1466] --> [16383,16400]   [70,71] --> [-2,2]      [-48,-47] --> [0,4]     [31,32] --> [0,5]
[-4286,-4284] --> [-9,9]        [-1939,-1938] --> [-12,5]       [1465,1466] --> [16384,16400]   [70,71] --> [-2,2]      [-48,-47] --> [0,4]     [31,32] --> [0,5]
[-4285,-4284] --> [-11,9]       [-1939,-1938] --> [-12,5]       [1465,1466] --> [16383,16400]   [70,71] --> [-2,2]      [-48,-47] --> [0,4]     [31,32] --> [0,5]
[-4285,-4284] --> [-8,9]        [-1939,-1938] --> [-12,5]       [1465,1465] --> [16383,16387]   [70,71] --> [-2,2]      [-48,-47] --> [0,4]     [31,32] --> [0,5]


mpu.setXAccelOffset(-4284);
mpu.setYAccelOffset(-1938);
mpu.setZAccelOffset(1465);
mpu.setXGyroOffset(71);
mpu.setYGyroOffset(-47);
mpu.setZGyroOffset(32);


            XAccel                  YAccel                          ZAccel                  XGyro                   YGyro                   ZGyro
[-2372,-2370] --> [-10,3]      [187,188] --> [-10,5]   [3113,3115] --> [16361,16390]   [-96,-95] --> [0,4]     [74,75] --> [0,2]       [30,31] --> [-2,3]
[-2371,-2370] --> [-17,3]      [187,188] --> [-12,5]   [3113,3114] --> [16361,16397]   [-96,-95] --> [0,4]     [74,75] --> [0,2]       [30,31] --> [-4,3]
[-2371,-2370] --> [-18,3]      [187,188] --> [-10,5]   [3113,3113] --> [16361,16385]   [-96,-95] --> [-2,4]    [74,75] --> [0,2]       [30,31] --> [-4,3]

              XAccel                  YAccel                          ZAccel                  XGyro                   YGyro                   ZGyro
 [-2372,-2370] --> [-15,2]      [185,186] --> [-1,13]   [3119,3121] --> [16375,16387]   [-96,-95] --> [-3,1]    [73,74] --> [0,3]       [32,33] --> [-2,2]
 [-2371,-2370] --> [-16,2]      [185,186] --> [0,13]    [3119,3120] --> [16375,16397]   [-96,-95] --> [-4,1]    [73,74] --> [0,3]       [32,33] --> [-3,2]
 [-2371,-2370] --> [-17,2]      [185,186] --> [0,13]    [3119,3120] --> [16377,16397]   [-96,-95] --> [-4,1]    [73,74] --> [0,3]       [32,33] --> [-3,2]

mpu.setXAccelOffset(-2370);
mpu.setYAccelOffset(-186);
mpu.setZAccelOffset(3120);
mpu.setXGyroOffset(-95);
mpu.setYGyroOffset(74);
mpu.setZGyroOffset(33);